[  0  40  58 147 153]
[  1  62 132 229 235]
[  2  73  74 137 204]
[11 12 16 17 18]
[13 14 15 16 17]
[13 14 15 16 18]
[13 14 15 17 18]
[13 14 16 17 18]
[13 15 16 17 18]
[14 15 16 17 18]
[ 14 107 113 142 184]
[ 16  27 106 110 121]
[19 20 24 25 26]
[21 22 23 24 25]
[21 22 23 24 26]
[21 22 23 25 26]
[21 22 24 25 26]
[21 23 24 25 26]
[22 23 24 25 26]
[ 29  30 109 120 231]
[ 31  32 108 119 232]
[38 39 40 41 42]
[38 39 40 41 43]
[38 39 40 42 43]
[38 39 41 42 43]
[38 40 41 42 43]
[39 40 41 42 43]
[52 53 57 58 63]
[ 53  54  82 178 183]
[65 67 68 69 73]
[67 68 69 70 71]
[67 68 69 70 72]
[67 68 69 71 72]
[67 68 70 71 72]
[67 69 70 71 72]
[68 69 70 71 72]
[ 93 110 111 112 124]
[ 94 121 122 123 125]
    [107 108 109 110 111]
    [107 108 109 110 112]
    [107 108 109 111 112]
        [107 108 109 113 231]
        [107 108 109 113 232]
        [107 108 109 231 232]
    [107 108 110 111 112]
        [107 108 113 231 232]
    [107 109 110 111 112]
        [107 109 113 231 232]
    [108 109 110 111 112]
        [108 109 113 231 232]
[118 119 120 121 122]
[118 119 120 121 123]
[118 119 120 122 123]
[118 119 121 122 123]
[118 120 121 122 123]
[119 120 121 122 123]
[147 148 149 150 151]
[147 148 149 150 152]
[147 148 149 151 152]
[147 148 150 151 152]
[147 149 150 151 152]
[148 149 150 151 152]
[155 156 162 208 218]
[155 156 162 208 219]
[155 156 162 218 219]
[155 156 208 218 219]
[155 162 208 218 219]
[156 162 208 218 219]
[163 164 165 166 167]
[163 164 165 166 168]
[163 164 165 167 168]
[163 164 166 167 168]
[163 165 166 167 168]
[164 165 166 167 168]
[170 171 172 173 174]
[170 171 172 173 175]
[170 171 172 174 175]
[170 171 173 174 175]
[170 172 173 174 175]
[171 172 173 174 175]
[203 204 205 206 207]
