-- Top-left Pentagon --
[  0  40  58 147 153]

-- Top-right Pentagon --
[ 14 107 113 142 184] 

-- Bottom-right Pentagon --
[ 16  27 106 110 121]

-- YU3 Hexagon (K_{3,3}) --
[  2  73  74 100 137]
[  2  73  74 100 204]
[  2  73  74 137 204]
[  2  73 100 137 204]
[  2  74 100 137 204]
[ 73  74 100 137 204]

-- RHS GY-GO 2-triangle strip --
[13 14 15 16 17]
[13 14 15 16 18]
[13 14 15 17 18]
[13 14 16 17 18]
[13 15 16 17 18]
[14 15 16 17 18]

-- RHS __-GY 2-triangle strip --
[21 22 23 24 25]
[21 22 23 24 26]
[21 22 23 25 26]
[21 22 24 25 26]
[21 23 24 25 26]
[22 23 24 25 26]

-- LHS GY-GO 2-triangle strip --
[38 39 40 41 42]
[38 39 40 41 43]
[38 39 40 42 43]
[38 39 41 42 43]
[38 40 41 42 43]
[39 40 41 42 43]

-- hexagon2--bgu.png --   (probably should be called hexagon2--brg, because (in reflected state) it is a yua from hexagon4--brg)
[38 39 40 58 61 ]
[38 39 40 58 126]
[38 39 40 61 126]
[38 39 58 61 126]
[38 40 58 61 126]
[39 40 58 61 126]

-- LHS __-GY 2-triangle strip --
[67 68 69 70 71]
[67 68 69 70 72]
[67 68 69 71 72]
[67 68 70 71 72]
[67 69 70 71 72]
[68 69 70 71 72]

-- RHS GO-OY 2-triangle strip --
[107 108 109 110 111]
[107 108 109 110 112]
[107 108 109 111 112]
[107 108 110 111 112]
[107 109 110 111 112]
[108 109 110 111 112]

-- hexagon3--abo.png --
[107 108 109 113 231]
[107 108 109 113 232]
[107 108 109 231 232]
[107 108 113 231 232]
[107 109 113 231 232]
[108 109 113 231 232]

-- hexagon4--brg.png --
[110 111 112 121 125]
[110 111 112 121 129]
[110 111 112 125 129]
[110 111 121 125 129]
[110 112 121 125 129]
[111 112 121 125 129]

-- hexagon5--brg.png --
[110 121 122 123 124]
[110 121 122 123 128]
[110 121 122 124 128]
[110 121 123 124 128]
[110 122 123 124 128]
[121 122 123 124 128]

-- RHS OY-__ 2-triangle strip --
[118 119 120 121 122]
[118 119 120 121 123]
[118 119 120 122 123]
[118 119 121 122 123]
[118 120 121 122 123]
[119 120 121 122 123]

-- LHS GO-OY 2-triangle strip --
[147 148 149 150 151]
[147 148 149 150 152]
[147 148 149 151 152]
[147 148 150 151 152]
[147 149 150 151 152]
[148 149 150 151 152]

-- hexagon6--yru.png --
[155 156 162 208 218]
[155 156 162 208 219]
[155 156 162 218 219]
[155 156 208 218 219]
[155 162 208 218 219]
[156 162 208 218 219]

-- hexagon1--yru.png --
[163 164 165 166 167]
[163 164 165 166 168]
[163 164 165 167 168]
[163 164 166 167 168]
[163 165 166 167 168]
[164 165 166 167 168]

-- LHS OY-__ 2-triangle strip --
[170 171 172 173 174]
[170 171 172 173 175]
[170 171 172 174 175]
[170 171 173 174 175]
[170 172 173 174 175]
[171 172 173 174 175]

-- pentagon1--aoy.png --
[  1  62 132 229 235]

-- RHS GY-GO pentagon strip --
[11 12 16 17 18]

-- RHS __-GY pentagon strip --
[19 20 24 25 26]

-- pentagon2--aoy.png --
[ 29  30 109 120 231]

-- pentagon3--aoy.png --
[ 31  32 108 119 232]

-- pentagon4--byr.png -- (in somap-list its reflected so byu swaps)
[52 53 57 58 63]

-- pentagon5--aru.png --
[ 53  54  82 178 183]

-- pentagon6--byr.png --
[65 67 68 69 73]

-- RHS GO-OY pentagon strip --
[ 93 110 111 112 124]

-- RHS OY-__ pentagon strip --
[ 94 121 122 123 125]

-- pentagon7--byr.png --
[203 204 205 206 207]
